20,3
20,2
20,1
19,3
19,2
19,1
18,3
18,2
18,1
17,3
17,2
17,1
16,3
16,2
16,1
15,4
15,3
15,2
15,1
14,3
14,2
14,1
13,5
13,4
13,3
13,2
13,1
12,4
12,3
12,2
12,1
11,8
11,7
11,6
11,5
11,4
11,3
11,2
11,1
10,4
10,3
10,2
10,1
9,4
9,3
9,2
9,1
8,4
8,3
8,2
8,1
6,4
6,3
6,2
6,1
2,16
2,15
2,14
2,13
2,12
2,11
2,10
2,9
2,8
2,7
2,6
2,5
2,4
2,3
2,2
2,0
1,3
0,444
0,443
0,415
0,410
0,404
0,401
0,361
0,360
0,340
0,339
0,338
0,313
0,243
0,9
0,1
0,300
0,299
0,298
0,297
0,296
0,295
0,294
0,293
0,292
0,291
0,290
0,289
0,288
0,287
0,286
0,285
0,284
0,283
0,282
0,281
0,280
0,279
0,278
0,277
0,276
0,275
0,274
0,273
0,272
0,271
0,270
0,269
0,268
0,267
0,266
0,265
0,264
0,263
0,262
0,261
0,260
0,259
0,258
0,257
0,256
0,255
0,254
0,253
0,252
0,251
0,250
0,249
0,248
0,247
0,246
0,245
0,244
0,242
0,241
0,240
0,239
0,238
0,237
0,236
0,235
0,234
0,233
0,232
0,231
0,230
0,229
0,228
0,227
0,226
0,225
0,224
0,223
0,222
0,221
0,220
0,219
0,218
0,217
0,216
0,215
0,214
0,213
0,212
0,211
20,4
20,5
21,1
21,2
21,4
22,1
22,3
23,1
23,2
23,4
24,1
24,3
24,5
24,6
25,2
25,3
26,2
26,3
26,5
29,2
29,3
29,5
30,1
30,3
30,5
31,1
31,3
32,1
32,3
33,1
33,3
34,2
34,3
35,2
35,3
36,2
37,1
37,2
38,1
38,2
38,4
39,1
39,3
40,1
40,2
40,4
40,5
41,2
41,4
42,1
42,3
42,4
43,2
43,4
44,1
44,3
44,4
45,2
45,3
46,2
47,1
47,2
47,4
48,1
48,3
48,5
49,1
49,3
49,4
50,2
50,3
50,5
52,2
52,3
53,1
53,2
53,4
53,6
53,7
53,9
54,1
54,3
54,4
55,2
55,4
55,5
56,2
56,3
58,1
58,3
58,4
59,2
59,3
60,1
60,3
60,4
61,1
61,2
61,4
61,5
62,1
62,3
62,4
63,2
63,3
64,1
64,3
64,4
65,2
65,3
66,1
66,2
66,4
67,1
67,2
68,1
68,2
68,4
69,2
69,3
70,2
70,3
70,5
70,6
71,2
71,4
72,1
72,3
72,4
72,6
73,2
73,3
74,2
74,3
75,1
75,2
75,4
76,2
76,3
77,1
77,2
77,4
78,1
78,2
78,4
79,1
79,3
79,5
80,1
80,3
80,4
81,2
81,3
82,1
82,3
82,4
83,2
83,3
84,1
84,3
84,4
84,6
85,1
85,3
85,4
86,2
86,4
87,1
87,3
87,4
88,2
88,4
88,5
89,2
89,3
90,2
90,3
91,2
91,4
91,5
92,2
92,3
97,1
97,3
97,4
98,1
98,2
99,1
99,3
100,1
100,3
100,4
100,6
101,1
101,3
102,1
102,2
102,4
103,1
103,3
104,1
104,2
105,1
105,2
105,4
106,1
106,3
106,5
107,1
107,3
107,4
108,2
108,4
108,5
109,1
109,2
110,1
110,2
110,4
110,6
110,7
111,2
111,3
111,5
112,2
112,3
115,2
115,3
116,1
116,2
117,1
117,3
117,4
118,2
118,3
119,1
119,3
119,4
120,2
120,3
121,1
121,3
121,4
122,2
122,3
123,1
123,2
124,1
124,3
124,4
125,1
125,2
125,4
126,1
126,2
127,1
127,2
127,4
127,5
128,1
128,3
128,4
129,1
129,2
130,1
130,3
130,4
131,1
131,2
131,4
131,5
132,2
132,4
133,1
133,3
133,4
134,2
134,4
134,5
135,2
135,3
135,5
136,2
136,3
137,1
137,2
137,4
138,1
138,3
138,5
139,1
139,3
139,4
140,2
140,4
140,5
140,7
140,8
140,10
141,1
141,3
141,5
142,1
142,3
143,1
143,3
144,1
144,2
144,4
145,1
145,3
146,1
146,3
147,1
147,2
147,4
148,1
148,3
149,1
149,2
149,4
149,5
150,2
150,4
150,5
150,7
151,1
151,3
151,4
152,2
152,4
152,5
153,1
153,2
154,1
154,3
154,4
155,2
155,3
156,1
156,2
156,4
157,2
157,3
158,1
158,2
158,4
159,2
159,3
160,1
160,2
160,4
168,2
168,4
168,5
168,8
171,1
171,3
171,4
172,2
172,3
172,5
173,1
173,3
173,5
4,3
174,1
174,2
174,4
176,2
176,3
177,1
177,2
177,4
2,1
177,3
176,4
176,1
174,3
173,7
173,4
173,2
172,4
172,1
171,2
168,9
168,6
168,3
168,1
160,3
159,4
159,1
158,3
157,4
157,1
156,3
155,4
155,1
154,2
153,3
152,6
152,3
152,1
151,2
150,6
150,3
150,1
149,3
148,4
148,2
147,3
146,4
146,2
145,2
144,3
143,4
143,2
142,2
141,4
141,2
140,9
140,6
140,3
140,1
139,2
138,4
138,2
137,3
136,4
136,1
135,4
135,1
134,3
134,1
133,2
132,3
132,1
131,3
130,5
130,2
129,3
128,5
128,2
127,6
127,3
126,3
125,5
125,3
124,5
124,2
123,3
122,4
122,1
121,2
120,4
120,1
119,2
118,4
118,1
117,2
116,3
115,4
115,1
112,1
111,4
111,1
110,5
110,3
109,3
108,6
108,3
108,1
107,2
106,4
106,2
105,3
104,3
103,4
103,2
102,3
101,4
101,2
100,5
100,2
99,2
98,3
97,5
97,2
92,4
92,1
91,3
91,1
90,1
89,1
88,3
88,1
87,2
86,3
86,1
85,2
84,2
83,4
83,1
82,2
81,4
81,1
80,2
79,4
79,2
78,3
77,5
77,3
76,4
76,1
75,3
74,4
74,1
73,1
72,5
72,2
71,3
71,1
70,4
70,1
69,1
68,3
67,3
66,5
66,3
65,4
65,1
64,2
63,4
63,1
62,2
61,6
61,3
60,5
60,2
59,4
59,1
58,2
56,4
56,1
55,3
55,1
54,2
53,8
53,5
53,3
52,4
52,1
50,4
50,1
49,2
48,4
48,2
47,3
46,3
46,1
45,1
44,2
43,3
43,1
42,2
41,3
41,1
40,3
39,4
39,2
38,3
37,3
36,3
36,1
35,1
34,1
33,2
32,2
31,2
30,4
30,2
29,4
29,1
26,4
26,1
25,1
24,4
24,2
23,3
22,4
22,2
21,3
20,6
0,210
0,209
0,208
0,207
0,206
0,205
0,204
0,203
0,202
0,201
0,200
0,199
0,198
0,197
0,196
0,195
0,194
0,193
0,192
0,63
0,62
0,61
0,60
0,59
0,58
0,57
0,56
0,55
0,54
0,53
0,52
0,51
0,50
0,49
0,48
0,47
0,46
0,45
0,6
0,0
0,5
0,304
0,303
0,306
0,305
0,302
0,403
0,12
0,359
0,10
0,8
0,400
0,11
0,4
0,2
0,3
0,7
177,0
176,0
174,0
173,0
172,0
171,0
168,0
160,0
159,0
158,0
157,0
156,0
155,0
154,0
153,0
152,0
151,0
150,0
149,0
148,0
147,0
146,0
145,0
144,0
143,0
142,0
141,0
140,0
139,0
138,0
137,0
136,0
135,0
134,0
133,0
132,0
131,0
130,0
129,0
128,0
127,0
126,0
125,0
124,0
123,0
122,0
121,0
120,0
119,0
118,0
117,0
116,0
115,0
112,0
111,0
110,0
109,0
108,0
107,0
106,0
105,0
104,0
103,0
102,0
101,0
100,0
99,0
98,0
97,0
92,0
91,0
90,0
89,0
88,0
87,0
86,0
85,0
84,0
83,0
82,0
81,0
80,0
79,0
78,0
77,0
76,0
75,0
74,0
73,0
72,0
71,0
70,0
69,0
68,0
67,0
66,0
65,0
64,0
63,0
62,0
61,0
60,0
59,0
58,0
56,0
55,0
54,0
53,0
52,0
50,0
49,0
48,0
47,0
46,0
45,0
44,0
43,0
42,0
41,0
40,0
39,0
38,0
37,0
36,0
35,0
34,0
33,0
32,0
31,0
30,0
29,0
26,0
25,0
24,0
23,0
22,0
21,0
20,0
19,0
18,0
17,0
16,0
15,0
14,0
13,0
12,0
11,0
10,0
9,0
8,0
6,0
